500 10 2813804544
500 10 2805415936
500 10 2805415936
500 10 2814853120
500 10 2814853120
500 100 2835726336
500 100 2859995136
500 100 2847551488
500 100 2841686016
500 100 2849943552
500 500 3043340288
500 500 2994057216
500 500 3043340288
500 500 2975010816
500 500 2974789632
1000 10 2815434752
1000 10 2815434752
1000 10 2815434752
1000 10 2815434752
1000 10 2816483328
1000 100 2851229696
1000 100 2847817728
1000 100 2850914304
1000 100 2858934272
1000 100 2849263616
1000 500 2960613376
1000 500 2979991552
1000 500 3019915264
1000 500 2928230400
1000 500 2959417344
3000 10 2827378688
3000 10 2818990080
3000 10 2826330112
3000 10 2827382784
3000 10 2820038656
3000 100 2849636352
3000 100 2854105088
3000 100 2867240960
3000 100 2856484864
3000 100 2854735872
3000 500 2962112512
3000 500 2933444608
3000 500 2989715456
3000 500 3026546688
3000 500 2954559488
5000 10 2830434304
5000 10 2830557184
5000 10 2830557184
5000 10 2820874240
5000 10 2830434304
5000 100 2859433984
5000 100 2851123200
5000 100 2866118656
5000 100 2850103296
5000 100 2849959936
5000 500 2991984640
5000 500 3041001472
5000 500 2995748864
5000 500 2928279552
5000 500 2965913600
8000 10 2836623360
8000 10 2835636224
8000 10 2835636224
8000 10 2836627456
8000 10 2835636224
8000 100 2860965888
8000 100 2859675648
8000 100 2871758848
8000 100 2858504192
8000 100 2881798144
8000 500 2971049984
8000 500 2951241728
8000 500 2982973440
8000 500 3042394112
8000 500 2930524160
