500 2814550016
500 2813501440
500 2814550016
500 2813501440
500 2813501440
500 2814550016
500 2804064256
500 2813501440
500 2805112832
500 2813501440
1000 2806845440
1000 2814185472
1000 2823622656
1000 2814185472
1000 2815234048
1000 2823622656
1000 2805796864
1000 2814185472
1000 2814185472
1000 2806845440
3000 2817241088
3000 2826678272
3000 2818289664
3000 2818289664
3000 2819338240
3000 2819338240
3000 2818289664
3000 2818289664
3000 2818289664
3000 2817241088
5000 2830045184
5000 2831093760
5000 2832142336
5000 2822705152
5000 2823753728
5000 2821656576
5000 2822705152
5000 2831093760
5000 2821656576
5000 2822705152
8000 2837024768
8000 2837024768
8000 2837024768
8000 2837024768
8000 2838073344
8000 2837024768
8000 2837024768
8000 2837024768
8000 2835976192
8000 2837024768
